<HTML>
<TITLE>University of Wyoming - Radiosonde Data</TITLE>
<BODY BGCOLOR="white">
<H2>72357 OUN Norman Observations at 00Z 01 Jul 2011</H2>
<PRE>
-----------------------------------------------------------------------------
   PRES   HGHT   TEMP   DWPT   RELH   MIXR   DRCT   SKNT   THTA   THTE   THTV
    hPa     m      C      C      %    g/kg    deg   knot     K      K      K 
-----------------------------------------------------------------------------
 1000.0     86                                                               
  972.0    345   37.2   15.2     27  11.29    160     11  312.9  348.1  315.0
  962.0    439   35.4   14.4     28  10.83    160     15  312.0  345.7  314.0
  943.8    610   33.7   13.3     29  10.28    160     23  312.0  344.0  313.9
  932.0    723   32.6   12.6     30   9.93    160     22  312.0  342.9  313.8
  925.0    790   32.0   12.0     29   9.61    160     22  312.0  342.0  313.8
  912.2    914   30.8   11.8     31   9.64    160     21  312.1  342.2  313.9
  881.4   1219   28.0   11.4     36   9.71    155     16  312.2  342.5  314.0
  851.6   1524   25.2   11.0     41   9.78    150     17  312.3  342.9  314.1
  850.0   1541   25.0   11.0     41   9.79    150     17  312.3  342.9  314.2
  837.0   1676   23.6   10.6     44   9.68    162     18  312.2  342.4  314.0
  822.3   1829   22.2   10.5     47   9.76    175     19  312.3  342.7  314.1
  793.6   2134   19.3   10.2     56   9.92    175     21  312.4  343.3  314.3
  766.1   2438   16.4    9.9     65  10.08    190     21  312.5  343.9  314.4
  749.0   2632   14.6    9.7     72  10.19    196     18  312.5  344.3  314.4
  739.2   2743   13.7    8.8     72   9.73    200     17  312.7  343.1  314.6
  712.9   3048   11.3    6.5     72   8.56    210     14  313.3  340.2  314.9
  708.0   3106   10.8    6.0     72   8.35    204     12  313.4  339.6  315.0
  700.0   3201   11.4    1.4     50   6.09    195     10  315.1  334.6  316.2
  697.0   3237   11.6   -1.4     40   4.98    193     10  315.7  331.8  316.6
  694.0   3273   11.4   -1.6     40   4.93    190     10  315.9  331.9  316.8
  662.2   3658    7.9   -5.6     38   3.83    165      9  316.1  328.8  316.9
  638.2   3962    5.1   -8.7     36   3.12    150     13  316.3  326.7  316.9
  624.0   4147    3.4  -10.6     35   2.75    159     11  316.4  325.6  317.0
  620.0   4199    4.0  -18.0     18   1.50    162     11  317.7  322.9  318.0
  614.8   4267    3.9  -20.1     15   1.27    165     10  318.4  322.9  318.6
  607.0   4371    3.8  -23.2     12   0.98    160      9  319.4  322.9  319.6
  581.0   4724    1.6  -27.4      9   0.70    143      6  320.9  323.4  321.0
  569.9   4877    0.3  -28.4      9   0.65    135      5  321.2  323.6  321.3
  529.0   5469   -4.5  -32.5      9   0.47    103     11  322.2  324.1  322.4
  507.7   5791   -6.7  -33.2     10   0.46     85     15  323.4  325.2  323.5
  500.0   5910   -7.5  -33.5     10   0.46     80     15  323.8  325.6  323.9
  499.0   5926   -7.7  -33.7     10   0.45     81     15  323.8  325.5  323.9
  488.2   6096   -8.1  -33.6     11   0.46     90     16  325.3  327.1  325.4
  477.0   6277   -8.5  -33.5     11   0.48     86     13  327.0  328.8  327.1
  439.0   6916  -13.5  -36.5     13   0.39     72      3  328.5  330.0  328.6
  433.6   7010  -14.0  -37.5     12   0.35     70      1  329.1  330.4  329.1
  400.0   7620  -17.1  -44.1      8   0.19     85      5  332.7  333.5  332.7
  388.0   7848  -18.3  -45.3      7   0.17     60      5  334.0  334.7  334.1
  379.0   8023  -18.1  -45.1      7   0.18     41      6  336.5  337.3  336.6
  324.8   9144  -27.5  -55.1      5   0.07    275      7  338.8  339.1  338.8
  300.0   9720  -32.3  -60.3      4   0.04    295      1  339.7  339.9  339.7
  288.0  10007  -35.1  -63.1      4   0.03    278      2  339.7  339.9  339.7
  250.0  10980  -42.1  -64.1      7   0.03    220      6  343.3  343.5  343.3
  222.0  11770  -47.9  -65.9     11   0.02    223      4  346.3  346.4  346.3
  216.0  11949  -47.9  -65.9     11   0.03    223      4  349.0  349.1  349.0
  200.0  12450  -51.9  -66.9     15   0.02    225      3  350.4  350.5  350.4
  189.3  12802  -54.6  -68.7     16   0.02    220      2  351.7  351.8  351.7
  180.6  13106  -56.9  -70.3     17   0.02    305     16  352.7  352.8  352.7
  176.0  13270  -58.1  -71.1     17   0.01    302     13  353.3  353.3  353.3
  172.1  13411  -58.3  -71.3     17   0.01    300     10  355.2  355.2  355.2
  169.0  13526  -58.5  -71.5     17   0.01    307     14  356.7  356.8  356.7
  163.9  13716  -59.7  -72.1     18   0.01    320     20  357.8  357.9  357.8
  156.1  14021  -61.7  -73.1     21   0.01    315     12  359.5  359.5  359.5
  153.0  14148  -62.5  -73.5     21   0.01    328      9  360.2  360.2  360.2
  150.0  14270  -63.3  -74.3     21   0.01    340      6  360.8  360.9  360.8
  148.6  14326  -63.6  -74.6     21   0.01    115      2  361.3  361.4  361.3
  140.0  14691  -65.3  -76.3     20   0.01    184      4  364.5  364.6  364.5
  127.7  15240  -69.3  -79.1     23   0.01    290      8  367.1  367.1  367.1
  121.3  15545  -71.5  -80.7     24   0.00    260     19  368.5  368.5  368.5
  119.0  15662  -72.3  -81.3     25   0.00    268     20  369.0  369.0  369.0
  109.4  16154  -73.5  -82.5     24   0.00    300     23  375.7  375.7  375.7
  108.0  16229  -73.7  -82.7     24   0.00    315     18  376.7  376.7  376.7
  103.0  16506  -72.1  -81.1     25   0.01    327     12  384.9  384.9  384.9
  100.0  16680  -72.1  -81.1     25   0.01    335      9  388.2  388.2  388.2
   94.2  17033  -70.5  -79.5     26   0.01     64      5  398.0  398.0  398.0
   88.9  17374  -70.7  -79.7     25   0.01    150      1  404.2  404.3  404.2
   83.3  17762  -70.9  -79.9     25   0.01    124     10  411.4  411.5  411.4
   79.8  18020  -66.1  -76.1     23   0.02    107     16  426.4  426.5  426.4
   76.3  18288  -67.1  -77.1     23   0.01     90     22  429.8  429.9  429.8
   72.8  18574  -68.1  -78.1     23   0.01    109     19  433.5  433.6  433.5
   72.6  18593  -68.0  -78.0     23   0.01    110     19  434.1  434.2  434.1
   70.0  18810  -66.7  -76.7     23   0.02    140     14  441.4  441.5  441.4
   69.0  18898  -66.1  -76.4     22   0.02    165     10  444.5  444.6  444.5
   65.7  19202  -64.0  -75.2     20   0.02    310      3  455.4  455.6  455.4
   62.5  19507  -61.8  -74.1     18   0.03    120     11  466.6  466.8  466.6
   60.3  19727  -60.3  -73.3     17   0.03    142     15  474.9  475.1  474.9
   59.5  19812  -60.5  -73.4     17   0.03    150     16  476.2  476.4  476.2
   56.6  20117  -61.4  -73.8     18   0.03    160      3  480.9  481.1  480.9
   53.8  20436  -62.3  -74.3     19   0.03    127      6  486.0  486.2  486.0
   50.0  20890  -61.5  -74.5     16   0.03     80     10  498.1  498.4  498.1
   46.5  21336  -60.7  -73.7     16   0.04     70      6  510.3  510.6  510.4
   44.8  21572  -60.3  -73.3     17   0.04     51     15  516.9  517.2  516.9
   44.3  21641  -60.5  -73.5     17   0.04     45     18  518.2  518.5  518.2
   41.6  22032  -61.3  -74.3     16   0.04     68     21  525.5  525.8  525.5
   40.2  22250  -60.0  -73.7     15   0.04     80     23  534.1  534.5  534.1
   38.3  22555  -58.1  -72.8     14   0.05     65     29  546.4  546.8  546.4
   37.7  22648  -57.5  -72.5     13   0.06     70     30  550.2  550.6  550.2
   36.5  22860  -57.3  -72.3     13   0.06     80     33  556.1  556.5  556.1
   35.5  23027  -57.1  -72.1     13   0.06     77     30  560.8  561.3  560.8
   33.1  23470  -53.6  -70.6     11   0.08     70     21  581.1  581.8  581.2
   32.0  23691  -51.9  -69.9     10   0.10     77     33  591.5  592.3  591.6
   31.6  23774  -51.7  -69.9     10   0.10     80     37  594.2  595.0  594.3
   30.1  24079  -51.0  -69.9      9   0.10    100     29  604.2  605.1  604.3
   30.0  24110  -50.9  -69.9      9   0.10     95     29  605.3  606.1  605.3
   28.8  24384  -49.8  -70.4      7   0.10     95     28  615.5  616.4  615.6
   27.5  24689  -48.6  -70.9      6   0.10     85     22  627.1  628.0  627.2
   26.9  24823  -48.1  -71.1      5   0.10     86     22  632.3  633.2  632.3
   23.9  25603  -49.3  -72.3      5   0.09     90     25  650.7  651.6  650.8
   22.9  25878  -49.7  -72.7      5   0.09    104     27  657.4  658.2  657.4
   22.8  25908  -49.6  -72.7      5   0.09    105     27  658.6  659.5  658.6
   21.8  26213  -48.2  -72.7      4   0.09     80     27  671.5  672.4  671.5
   20.8  26518  -46.8  -72.7      4   0.10     95     25  684.5  685.5  684.6
   20.0  26770  -45.7  -72.7      3   0.10     90     25  695.5  696.5  695.6
   18.1  27432  -46.8  -74.7      3   0.08     75     31  712.2  713.1  712.2
   17.9  27508  -46.9  -74.9      3   0.08     76     31  714.1  715.0  714.2
   16.5  28042  -45.1  -73.9      3   0.10     80     34  736.4  737.5  736.4
   16.2  28173  -44.7  -73.7      2   0.11     91     30  741.9  743.1  742.0
   15.8  28346  -44.7  -73.7      2   0.11    105     25  747.4  748.6  747.5
   15.1  28651  -44.7  -73.7      2   0.12     85     26  757.2  758.5  757.3
   14.7  28824  -44.7  -73.7      2   0.12     86     25  762.8  764.1  762.9
   13.7  29298  -42.1  -69.1      4   0.25     88     24  787.2  790.0  787.3
   13.1  29601  -43.3  -71.3      3   0.19     89     23  793.2  795.3  793.3
   12.6  29870  -42.2  -69.1      4   0.28     90     22  806.1  809.2  806.3
   12.2  30083  -41.3  -67.3      4   0.37     81     23  816.5  820.6  816.7
   11.5  30484  -41.7  -67.7      4   0.37     65     25  829.0  833.2  829.2
   11.5  30480  -41.7  -67.7      4   0.37     65     25  828.9  833.0  829.0
   10.4  31170  -39.5  -64.5      5   0.63     76     42  861.2  868.6  861.6
   10.0  31440  -37.3  -62.3      6   0.88     80     49  879.1  889.5  879.6
    9.8  31580  -35.9  -60.9      6   1.07     85     49  889.5  902.2  890.1
    9.6  31723  -36.7  -61.7      6   0.99                891.7  903.5  892.3
    9.6  31699  -36.6  -61.6      6   1.00     90     49  891.4  903.3  891.9
</PRE><H3>Station information and sounding indices</H3><PRE>
                         Station identifier: OUN
                             Station number: 72357
                           Observation time: 110701/0000
                           Station latitude: 35.18
                          Station longitude: -97.44
                          Station elevation: 345.0
                            Showalter index: -1.76
                               Lifted index: -2.30
    LIFT computed using virtual temperature: -3.08
                                SWEAT index: 220.99
                                    K index: 33.50
                         Cross totals index: 18.50
                      Vertical totals index: 32.50
                        Totals totals index: 51.00
      Convective Available Potential Energy: 212.36
             CAPE using virtual temperature: 330.59
                      Convective Inhibition: -75.40
             CINS using virtual temperature: -45.84
                           Equilibrum Level: 261.36
 Equilibrum Level using virtual temperature: 260.42
                   Level of Free Convection: 638.88
             LFCT using virtual temperature: 656.09
                     Bulk Richardson Number: 34.31
          Bulk Richardson Number using CAPV: 53.41
  Temp [K] of the Lifted Condensation Level: 282.06
Pres [hPa] of the Lifted Condensation Level: 702.03
   Equivalent potential temp [K] of the LCL: 344.09
     Mean mixed layer potential temperature: 312.07
              Mean mixed layer mixing ratio: 10.34
              1000 hPa to 500 hPa thickness: 5824.00
Precipitable water [mm] for entire sounding: 31.61
</PRE>
<P>Description of the 
<A HREF="/upperair/columns.html">data columns</A>
or <A HREF="/upperair/indices.html">sounding indices</A>.

<P>
<FORM>
<INPUT CLASS="button" TYPE="button" VALUE=" Close this window " 
 onClick="window.close();">
<INPUT CLASS="button" TYPE="button" VALUE=" Select another map " 
 onClick="window.blur();">
</FORM>
<HR SIZE="1">
<I>Interested in graduate studies in atmospheric science?
Check out our program at the
<a href="http://www.uwyo.edu/atsc/howtoapply/"
target=_top>University of Wyoming
</a></I>
<HR SIZE="1"><FONT SIZE="-1">
Questions about the weather data provided by this site can be
addressed to <A HREF="mailto:ldoolman@uwyo.edu">
Larry Oolman (ldoolman@uwyo.edu)</A></FONT>
<HR SIZE="1">
<SCRIPT TYPE="text/javascript">
<!--
window.focus();
// -->
</SCRIPT>
</BODY>
</HTML>
