<HTML>
<TITLE>University of Wyoming - Radiosonde Data</TITLE>
<BODY BGCOLOR="white">
<H2>72357 OUN Norman Observations at 00Z 04 Jul 2020</H2>
<PRE>
-----------------------------------------------------------------------------
   PRES   HGHT   TEMP   DWPT   RELH   MIXR   DRCT   SKNT   THTA   THTE   THTV
    hPa     m      C      C      %    g/kg    deg   knot     K      K      K 
-----------------------------------------------------------------------------
 1000.0     95                                                               
  973.0    345   34.2   22.2     50  17.66     90      8  309.8  363.9  313.0
  945.0    610   31.2   20.4     53  16.20    110      9  309.3  358.9  312.3
  925.0    804   29.0   19.0     55  15.19    120     10  309.0  355.4  311.8
  913.5    914   28.1   18.5     56  14.90    125     11  309.1  354.6  311.9
  882.5   1219   25.4   17.1     60  14.11    155     10  309.4  352.6  312.1
  852.5   1524   22.8   15.7     64  13.35    175      8  309.8  350.7  312.3
  850.0   1550   22.6   15.6     65  13.29    180      8  309.8  350.6  312.3
  823.1   1829   20.1   14.7     71  12.90    205      9  310.0  349.6  312.4
  816.0   1904   19.4   14.4     73  12.80    221      8  310.1  349.4  312.4
  794.5   2134   19.4    7.5     46   8.28    270      6  312.4  338.4  314.0
  791.0   2172   19.4    6.4     43   7.68    276      6  312.8  337.0  314.3
  766.7   2438   17.0    5.3     46   7.33    320      7  313.1  336.2  314.4
  739.8   2743   14.3    4.0     50   6.95    335      8  313.3  335.3  314.6
  735.0   2798   13.8    3.8     51   6.88    333      9  313.3  335.1  314.6
  700.0   3208   12.0   -2.0     38   4.74    315     13  315.7  331.2  316.6
  687.9   3353   11.0   -2.6     39   4.62    315     14  316.2  331.2  317.1
  663.0   3658    8.8   -3.9     41   4.36    325     18  317.1  331.4  317.9
  645.0   3887    7.2   -4.8     42   4.17    334     19  317.8  331.5  318.6
  615.5   4267    3.6   -5.2     52   4.23    350     20  317.9  331.9  318.8
  590.0   4611    0.4   -5.6     64   4.29    342     17  318.1  332.2  318.9
  583.0   4706    0.0   -9.0     51   3.34    339     16  318.7  329.8  319.3
  570.6   4877   -1.4   -9.5     54   3.28    335     15  319.1  330.1  319.7
  555.0   5098   -3.1  -10.1     58   3.21    333     17  319.5  330.3  320.1
  546.0   5228   -3.3  -10.3     58   3.22    332     18  320.8  331.6  321.4
  525.0   5537   -4.1  -20.1     28   1.48    329     20  323.4  328.7  323.7
  516.0   5673   -5.1  -20.1     30   1.51    327     21  323.8  329.2  324.1
  511.0   5750   -5.3  -13.3     53   2.70    327     22  324.5  333.8  325.0
  503.0   5873   -5.9  -25.9     19   0.93    325     23  325.2  328.6  325.4
  500.0   5920   -6.1  -23.1     25   1.20    325     23  325.5  329.9  325.8
  488.8   6096   -6.8  -25.4     21   1.00    320     20  326.7  330.4  326.9
  479.0   6254   -7.5  -27.5     18   0.84    316     20  327.8  331.0  328.0
  451.6   6706  -11.0  -32.1     16   0.58    305     20  329.0  331.2  329.1
  430.0   7083  -13.9  -35.9     14   0.42    307     25  329.9  331.6  330.0
  421.0   7243  -14.7  -27.7     32   0.94    308     27  330.9  334.4  331.1
  415.0   7351  -15.1  -35.1     16   0.47    309     28  331.8  333.6  331.9
  410.0   7443  -13.5  -53.5      2   0.06    309     30  335.0  335.3  335.0
  400.5   7620  -14.8  -44.4      6   0.18    310     32  335.5  336.3  335.5
  400.0   7630  -14.9  -43.9      6   0.20    310     33  335.5  336.4  335.6
  339.9   8839  -24.8  -62.9      2   0.02    315     42  338.0  338.1  338.0
  334.0   8968  -25.9  -64.9      1   0.02    313     40  338.2  338.3  338.2
  325.9   9144  -27.0  -67.4      1   0.01    310     38  339.1  339.2  339.1
  300.0   9740  -30.7  -75.7      0   0.00    315     35  342.0  342.0  342.0
  295.0   9859  -31.5  -77.5      0   0.00    315     34  342.5  342.5  342.5
  262.6  10668  -38.0  -79.0      1   0.00    315     24  344.6  344.6  344.6
  250.0  11010  -40.7  -79.7      1   0.00    300     16  345.4  345.4  345.4
  240.1  11278  -42.8  -80.2      1   0.00    290     14  346.2  346.2  346.2
  200.0  12490  -52.5  -82.5      2   0.00    295     18  349.5  349.5  349.5
  189.0  12852  -55.9  -80.9      3   0.00    301     21  349.7  349.7  349.7
  164.5  13716  -61.1  -84.3      3   0.00    315     28  355.2  355.2  355.2
  150.0  14290  -64.5  -86.5      3   0.00    325     26  358.8  358.8  358.8
  149.1  14326  -64.7  -86.5      4   0.00    325     26  359.0  359.0  359.0
  134.7  14935  -68.6  -86.6      6   0.00    310     23  362.7  362.7  362.7
  128.0  15240  -70.5  -86.7      8   0.00    315     24  364.5  364.5  364.5
  121.0  15577  -72.7  -86.7     11   0.00    315     25  366.5  366.5  366.5
  119.0  15674  -72.7  -86.7     11   0.00    315     24  368.2  368.2  368.2
  115.5  15850  -70.9  -87.2      7   0.00    315     23  374.8  374.8  374.8
  113.0  15980  -69.5  -87.5      6   0.00    317     21  379.7  379.7  379.7
  104.3  16459  -69.2  -87.2      6   0.00    325     16  389.0  389.1  389.0
  101.0  16651  -69.1  -87.1      6   0.00      7     15  392.8  392.9  392.8
  100.0  16710  -68.9  -86.9      6   0.00     20     15  394.4  394.4  394.4
   99.1  16764  -69.0  -86.9      6   0.00     30     16  395.1  395.1  395.1
   89.4  17374  -70.6  -86.7      8   0.00    105     10  403.7  403.7  403.7
   89.1  17396  -70.7  -86.7      8   0.00    106     10  404.0  404.0  404.0
   87.3  17517  -66.9  -86.9      4   0.00    114      9  414.0  414.0  414.0
   85.0  17678  -68.0  -86.9      5   0.00    125      8  414.9  414.9  414.9
   83.2  17806  -68.9  -86.9      6   0.00    109      9  415.6  415.6  415.6
   76.8  18288  -66.4  -87.2      4   0.00     50     15  430.4  430.4  430.4
   73.0  18593  -64.8  -87.3      3   0.00     95      6  440.0  440.0  440.0
   70.0  18850  -63.5  -87.5      3   0.00    100      4  448.2  448.2  448.2
   69.5  18898  -63.5  -87.5      3   0.00    145      1  449.1  449.1  449.1
   66.1  19202  -63.9  -87.6      3   0.00     65     15  454.7  454.8  454.7
   59.9  19812  -64.6  -87.7      3   0.00    120      9  466.3  466.3  466.3
   58.7  19932  -64.7  -87.7      3   0.00    106      8  468.6  468.6  468.6
   57.0  20117  -63.5  -87.6      2   0.00     85      6  475.4  475.5  475.4
   54.2  20422  -61.4  -87.3      2   0.00     75     10  486.9  486.9  486.9
   51.3  20769  -59.1  -87.1      2   0.00     82     16  500.1  500.1  500.1
   50.0  20930  -59.5  -87.5      2   0.00     85     19  502.8  502.9  502.8
   49.2  21031  -59.8  -87.4      2   0.00     90     21  504.4  504.4  504.4
   46.9  21336  -60.8  -86.9      2   0.00     85     16  509.2  509.2  509.2
   46.6  21369  -60.9  -86.9      2   0.00     84     16  509.7  509.7  509.7
   44.6  21641  -58.8  -86.8      2   0.00     80     20  521.2  521.2  521.2
   43.6  21785  -57.7  -86.7      1   0.00     66     17  527.3  527.4  527.3
   42.5  21946  -57.6  -86.7      1   0.01     50     13  531.4  531.5  531.4
   38.6  22555  -57.2  -86.6      1   0.01     85     20  547.2  547.3  547.2
   30.7  24003  -56.3  -86.3      1   0.01     85     25  586.7  586.8  586.7
   30.0  24150  -54.3  -86.3      1   0.01     85     25  596.0  596.1  596.0
   27.6  24689  -52.2  -85.9      1   0.01     90     24  616.1  616.2  616.1
   25.7  25149  -50.5  -85.5      1   0.01     60     20  633.8  633.9  633.8
   25.1  25298  -50.6  -85.5      1   0.01     50     19  637.8  637.9  637.8
   24.0  25603  -50.7  -85.4      1   0.01     90     24  646.0  646.1  646.0
   20.6  26587  -51.1  -85.1      1   0.01     86     27  673.3  673.4  673.3
   20.0  26780  -49.1  -85.1      1   0.01     85     27  685.1  685.3  685.1
   19.0  27127  -46.7  -84.6      1   0.02     80     29  702.8  702.9  702.8
   18.1  27432  -44.7  -84.2      0   0.02     80     26  718.6  718.8  718.6
   17.9  27516  -44.1  -84.1      0   0.02     81     25  723.0  723.2  723.0
   15.8  28346  -45.1  -83.7      1   0.02     95     20  745.9  746.1  745.9
   15.0  28698  -45.5  -83.5      1   0.03     92     26  755.8  756.0  755.8
   14.4  28956  -43.9  -83.1      1   0.03     90     31  769.5  769.9  769.6
   12.2  30103  -36.5  -81.5      0   0.04    128     39  833.4  834.0  833.4
   12.1  30175  -36.5  -81.5      0   0.04    130     40  835.9  836.4  835.9
   11.6  30480  -36.5  -81.3      0   0.05    130     27  846.3  846.9  846.3
   10.0  31480  -36.7  -80.7      0   0.06     85     31  881.4  882.2  881.4
    9.3  32004  -36.9  -80.6      0   0.07     65     26  900.0  900.9  900.0
    8.9  32309  -37.0  -80.5      0   0.07     75     30  911.0  912.0  911.0
    8.5  32614  -37.1  -80.4      0   0.07     55     25  922.1  923.1  922.2
    8.1  32918  -37.2  -80.4      0   0.08     60     26  933.4  934.5  933.4
    7.8  33223  -37.1  -80.3      0   0.08     75     28  945.4  946.6  945.5
    7.8  33198  -37.3  -80.3      0   0.08     74     28  943.8  945.0  943.9
    7.4  33528  -35.3  -80.3      0   0.09     70     30  964.9  966.1  965.0
    7.1  33852  -33.3  -80.3      0   0.09                986.0  987.3  986.0
    7.1  33833  -33.4  -80.3      0   0.09     65     32  984.7  986.0  984.8
</PRE><H3>Station information and sounding indices</H3><PRE>
                         Station identifier: OUN
                             Station number: 72357
                           Observation time: 200704/0000
                           Station latitude: 35.18
                          Station longitude: -97.44
                          Station elevation: 345.0
                            Showalter index: -3.24
                               Lifted index: -6.09
    LIFT computed using virtual temperature: -7.17
                                SWEAT index: 254.21
                                    K index: 30.30
                         Cross totals index: 21.70
                      Vertical totals index: 28.70
                        Totals totals index: 50.40
      Convective Available Potential Energy: 2450.57
             CAPE using virtual temperature: 2715.11
                      Convective Inhibition: -42.06
             CINS using virtual temperature: -7.88
                           Equilibrum Level: 149.81
 Equilibrum Level using virtual temperature: 149.94
                   Level of Free Convection: 748.90
             LFCT using virtual temperature: 774.98
                     Bulk Richardson Number: 80.65
          Bulk Richardson Number using CAPV: 89.36
  Temp [K] of the Lifted Condensation Level: 291.07
Pres [hPa] of the Lifted Condensation Level: 808.24
   Equivalent potential temp [K] of the LCL: 359.03
     Mean mixed layer potential temperature: 309.34
              Mean mixed layer mixing ratio: 16.31
              1000 hPa to 500 hPa thickness: 5825.00
Precipitable water [mm] for entire sounding: 40.32
</PRE>
<P>Description of the 
<A HREF="/upperair/columns.html">data columns</A>
or <A HREF="/upperair/indices.html">sounding indices</A>.

<P>
<FORM>
<INPUT CLASS="button" TYPE="button" VALUE=" Close this window " 
 onClick="window.close();">
<INPUT CLASS="button" TYPE="button" VALUE=" Select another map " 
 onClick="window.blur();">
</FORM>
<HR SIZE="1">
<I>Interested in graduate studies in atmospheric science?
Check out our program at the
<a href="http://www.uwyo.edu/atsc/howtoapply/"
target=_top>University of Wyoming
</a></I>
<HR SIZE="1"><FONT SIZE="-1">
Questions about the weather data provided by this site can be
addressed to <A HREF="mailto:ldoolman@uwyo.edu">
Larry Oolman (ldoolman@uwyo.edu)</A></FONT>
<HR SIZE="1">
<SCRIPT TYPE="text/javascript">
<!--
window.focus();
// -->
</SCRIPT>
</BODY>
</HTML>
